0,0.028517
0.025,0.030407
0.05,0.032274
0.075,0.034093
0.1,0.03588
0.125,0.037628
0.15,0.039342
0.175,0.04102
0.2,0.042665
0.225,0.044277
0.25,0.045856
0.275,0.047404
0.3,0.048921
0.325,0.050408
0.35,0.051865
0.375,0.053293
0.4,0.054693
0.425,0.056065
0.45,0.05741
0.475,0.058729
0.5,0.060022
0.525,0.061289
0.55,0.062531
0.575,0.063749
0.6,0.064943
0.625,0.066113
0.65,0.06726
0.675,0.068385
0.7,0.069488
0.725,0.070569
0.75,0.071628
0.775,0.072667
0.8,0.073685
0.825,0.074682
0.85,0.07566
0.875,0.076619
0.9,0.077558
0.925,0.078479
0.95,0.079381
0.975,0.080265
1,0.081131
1.025,0.08198
1.05,0.082811
1.075,0.083626
1.1,0.084423
1.125,0.085205
1.15,0.08597
1.175,0.086719
1.2,0.087453
1.225,0.088171
1.25,0.088874
1.275,0.089563
1.3,0.090236
1.325,0.090895
1.35,0.09154
1.375,0.092171
1.4,0.092788
1.425,0.093391
1.45,0.093981
1.475,0.094557
1.5,0.095121
1.525,0.095672
1.55,0.09621
1.575,0.096735
1.6,0.097248
1.625,0.097749
1.65,0.098238
1.675,0.098715
1.7,0.099181
1.725,0.099635
1.75,0.10008
1.775,0.10051
1.8,0.10093
1.825,0.10134
1.85,0.10174
1.875,0.10212
1.9,0.1025
1.925,0.10287
1.95,0.10322
1.975,0.10357
2,0.10391
2.025,0.10423
2.05,0.10455
2.075,0.10486
2.1,0.10515
2.125,0.10544
2.15,0.10572
2.175,0.10599
2.2,0.10625
2.225,0.1065
2.25,0.10674
2.275,0.10697
2.3,0.1072
2.325,0.10741
2.35,0.10762
2.375,0.10782
2.4,0.10801
2.425,0.10819
2.45,0.10836
2.475,0.10853
2.5,0.10868
2.525,0.10883
2.55,0.10897
2.575,0.10911
2.6,0.10923
2.625,0.10935
2.65,0.10946
2.675,0.10956
2.7,0.10966
2.725,0.10974
2.75,0.10982
2.775,0.10989
2.8,0.10996
2.825,0.11002
2.85,0.11007
2.875,0.11011
2.9,0.11014
2.925,0.11017
2.95,0.1102
2.975,0.11021
3,0.11022
3.025,0.11022
3.05,0.11021
3.075,0.1102
