0,0.6404
0.025,0.63336
0.05,0.62631
0.075,0.61934
0.1,0.6124
0.125,0.60552
0.15,0.59868
0.175,0.59189
0.2,0.58514
0.225,0.57843
0.25,0.57176
0.275,0.56514
0.3,0.55856
0.325,0.55202
0.35,0.54552
0.375,0.53906
0.4,0.53264
0.425,0.52625
0.45,0.51991
0.475,0.5136
0.5,0.50733
0.525,0.50109
0.55,0.49489
0.575,0.48872
0.6,0.48259
0.625,0.47649
0.65,0.47043
0.675,0.4644
0.7,0.4584
0.725,0.45244
0.75,0.4465
0.775,0.4406
0.8,0.43473
0.825,0.42889
0.85,0.42308
0.875,0.4173
0.9,0.41155
0.925,0.40583
0.95,0.40014
0.975,0.39448
1,0.38885
1.025,0.38325
1.05,0.37767
1.075,0.37212
1.1,0.3666
1.125,0.36111
1.15,0.35564
1.175,0.3502
1.2,0.34479
1.225,0.3394
1.25,0.33404
1.275,0.3287
1.3,0.32339
1.325,0.31811
1.35,0.31285
1.375,0.30761
1.4,0.3024
1.425,0.29722
1.45,0.29206
1.475,0.28692
1.5,0.28181
1.525,0.27672
1.55,0.27166
1.575,0.26662
1.6,0.2616
1.625,0.2566
1.65,0.25163
1.675,0.24668
1.7,0.24176
1.725,0.23686
1.75,0.23198
1.775,0.22712
1.8,0.22228
1.825,0.21747
1.85,0.21268
1.875,0.20791
1.9,0.20316
1.925,0.19843
1.95,0.19373
1.975,0.18904
2,0.18438
2.025,0.17974
2.05,0.17512
2.075,0.17052
2.1,0.16594
2.125,0.16138
2.15,0.15685
2.175,0.15233
2.2,0.14783
2.225,0.14336
2.25,0.1389
2.275,0.13447
2.3,0.13006
2.325,0.12566
2.35,0.12129
2.375,0.11693
2.4,0.1126
2.425,0.10828
2.45,0.10399
2.475,0.099715
2.5,0.09546
2.525,0.091224
2.55,0.087008
2.575,0.082811
2.6,0.078634
2.625,0.074476
2.65,0.070338
2.675,0.066219
2.7,0.062119
2.725,0.058038
2.75,0.053977
2.775,0.049934
2.8,0.045911
2.825,0.041906
2.85,0.037921
2.875,0.033955
2.9,0.030007
2.925,0.026079
2.95,0.022169
2.975,0.018279
3,0.014407
3.025,0.010554
3.05,0.0067193
3.075,0.0029037
