0,730.31
0.025,728.19
0.05,726.06
0.075,723.94
0.1,721.82
0.125,719.7
0.15,717.59
0.175,715.49
0.2,713.39
0.225,711.3
0.25,709.21
0.275,707.12
0.3,705.04
0.325,702.96
0.35,700.89
0.375,698.82
0.4,696.75
0.425,694.69
0.45,692.63
0.475,690.58
0.5,688.53
0.525,686.48
0.55,684.44
0.575,682.41
0.6,680.37
0.625,678.34
0.65,676.31
0.675,674.29
0.7,672.27
0.725,670.25
0.75,668.24
0.775,666.23
0.8,664.22
0.825,662.22
0.85,660.22
0.875,658.23
0.9,656.23
0.925,654.24
0.95,652.25
0.975,650.27
1,648.29
1.025,646.31
1.05,644.33
1.075,642.36
1.1,640.39
1.125,638.42
1.15,636.46
1.175,634.49
1.2,632.53
1.225,630.58
1.25,628.62
1.275,626.67
1.3,624.72
1.325,622.77
1.35,620.82
1.375,618.88
1.4,616.94
1.425,615
1.45,613.06
1.475,611.13
1.5,609.19
1.525,607.26
1.55,605.33
1.575,603.41
1.6,601.48
1.625,599.55
1.65,597.63
1.675,595.71
1.7,593.79
1.725,591.87
1.75,589.96
1.775,588.04
1.8,586.13
1.825,584.21
1.85,582.3
1.875,580.39
1.9,578.48
1.925,576.58
1.95,574.67
1.975,572.76
2,570.86
2.025,568.95
2.05,567.05
2.075,565.15
2.1,563.24
2.125,561.34
2.15,559.44
2.175,557.54
2.2,555.64
2.225,553.74
2.25,551.84
2.275,549.94
2.3,548.04
2.325,546.14
2.35,544.25
2.375,542.35
2.4,540.45
2.425,538.55
2.45,536.65
2.475,534.75
2.5,532.85
2.525,530.95
2.55,529.05
2.575,527.15
2.6,525.24
2.625,523.34
2.65,521.44
2.675,519.53
2.7,517.63
2.725,515.72
2.75,513.81
2.775,511.9
2.8,509.99
2.825,508.08
2.85,506.17
2.875,504.25
2.9,502.33
2.925,500.41
2.95,498.49
2.975,496.57
3,494.65
3.025,492.72
3.05,490.79
3.075,488.86
