0,0.15363
0.025,0.16489
0.05,0.17596
0.075,0.18679
0.1,0.1974
0.125,0.20778
0.15,0.21796
0.175,0.22792
0.2,0.23768
0.225,0.24724
0.25,0.25661
0.275,0.26578
0.3,0.27476
0.325,0.28356
0.35,0.29217
0.375,0.30061
0.4,0.30888
0.425,0.31697
0.45,0.32489
0.475,0.33265
0.5,0.34025
0.525,0.34769
0.55,0.35497
0.575,0.36211
0.6,0.36908
0.625,0.37592
0.65,0.3826
0.675,0.38915
0.7,0.39555
0.725,0.40182
0.75,0.40795
0.775,0.41394
0.8,0.41981
0.825,0.42554
0.85,0.43115
0.875,0.43663
0.9,0.44199
0.925,0.44723
0.95,0.45235
0.975,0.45735
1,0.46224
1.025,0.46701
1.05,0.47167
1.075,0.47621
1.1,0.48065
1.125,0.48498
1.15,0.4892
1.175,0.49332
1.2,0.49734
1.225,0.50125
1.25,0.50506
1.275,0.50878
1.3,0.51239
1.325,0.51591
1.35,0.51933
1.375,0.52266
1.4,0.5259
1.425,0.52904
1.45,0.53209
1.475,0.53505
1.5,0.53792
1.525,0.54071
1.55,0.54341
1.575,0.54602
1.6,0.54855
1.625,0.55099
1.65,0.55335
1.675,0.55562
1.7,0.55782
1.725,0.55994
1.75,0.56197
1.775,0.56393
1.8,0.5658
1.825,0.5676
1.85,0.56933
1.875,0.57097
1.9,0.57255
1.925,0.57404
1.95,0.57546
1.975,0.57681
2,0.57809
2.025,0.57929
2.05,0.58042
2.075,0.58148
2.1,0.58247
2.125,0.58339
2.15,0.58423
2.175,0.58501
2.2,0.58572
2.225,0.58636
2.25,0.58693
2.275,0.58744
