0,4219.6
0.025,4235.1
0.05,4213.7
0.075,4214.3
0.1,4201.6
0.125,4197
0.15,4187.5
0.175,4180.9
0.2,4172.5
0.225,4165.2
0.25,4157.3
0.275,4149.7
0.3,4141.9
0.325,4134.2
0.35,4126.4
0.375,4118.6
0.4,4110.8
0.425,4103.1
0.45,4095.3
0.475,4087.5
0.5,4079.6
0.525,4071.8
0.55,4064
0.575,4056.1
0.6,4048.3
0.625,4040.4
0.65,4032.5
0.675,4024.7
0.7,4016.8
0.725,4008.9
0.75,4001
0.775,3993
0.8,3985.1
0.825,3977.2
0.85,3969.2
0.875,3961.2
0.9,3953.3
0.925,3945.3
0.95,3937.3
0.975,3929.3
1,3921.3
1.025,3913.3
1.05,3905.2
1.075,3897.2
1.1,3889.1
1.125,3881.1
1.15,3873
1.175,3864.9
1.2,3856.8
1.225,3848.8
1.25,3840.6
1.275,3832.5
1.3,3824.3
1.325,3816.2
1.35,3808
1.375,3799.9
1.4,3791.7
1.425,3783.5
1.45,3775.2
1.475,3767.1
1.5,3758.8
1.525,3750.6
1.55,3742.3
1.575,3734.1
1.6,3725.8
1.625,3717.5
1.65,3709.1
1.675,3700.9
1.7,3692.5
1.725,3684.2
1.75,3675.8
1.775,3667.4
1.8,3659
1.825,3650.7
1.85,3642.2
1.875,3633.8
1.9,3625.3
1.925,3616.9
1.95,3608.4
1.975,3599.9
2,3591.4
2.025,3582.9
2.05,3574.4
2.075,3565.8
2.1,3557.3
2.125,3548.6
2.15,3540
2.175,3531.4
2.2,3522.8
2.225,3514.1
2.25,3505.5
2.275,3496.7
2.3,3488
2.325,3479.3
2.35,3470.6
2.375,3461.8
2.4,3453
2.425,3444.2
2.45,3435.4
2.475,3426.5
2.5,3417.6
2.525,3408.8
2.55,3399.8
2.575,3390.9
2.6,3381.9
2.625,3373
2.65,3364
2.675,3354.9
2.7,3345.9
2.725,3336.8
2.75,3327.7
2.775,3318.6
2.8,3309.5
2.825,3300.2
2.85,3291.1
2.875,3281.8
2.9,3272.6
2.925,3263.2
2.95,3254
2.975,3244.6
3,3235.2
3.025,3225.8
3.05,3216.4
3.075,3206.9
