0,0.058175
0.025,0.061641
0.05,0.065066
0.075,0.068419
0.1,0.071714
0.125,0.074947
0.15,0.078122
0.175,0.081239
0.2,0.084299
0.225,0.087305
0.25,0.090256
0.275,0.093153
0.3,0.095999
0.325,0.098794
0.35,0.10154
0.375,0.10424
0.4,0.10688
0.425,0.10948
0.45,0.11204
0.475,0.11455
0.5,0.11701
0.525,0.11944
0.55,0.12181
0.575,0.12415
0.6,0.12645
0.625,0.1287
0.65,0.13092
0.675,0.13309
0.7,0.13523
0.725,0.13733
0.75,0.13939
0.775,0.14142
0.8,0.14341
0.825,0.14536
0.85,0.14728
0.875,0.14917
0.9,0.15102
0.925,0.15284
0.95,0.15463
0.975,0.15638
1,0.15811
1.025,0.1598
1.05,0.16146
1.075,0.16309
1.1,0.16469
1.125,0.16627
1.15,0.16781
1.175,0.16933
1.2,0.17082
1.225,0.17228
1.25,0.17371
1.275,0.17512
1.3,0.1765
1.325,0.17786
1.35,0.17918
1.375,0.18049
1.4,0.18177
1.425,0.18302
1.45,0.18426
1.475,0.18546
1.5,0.18665
1.525,0.18781
1.55,0.18894
1.575,0.19006
1.6,0.19115
1.625,0.19222
1.65,0.19327
1.675,0.1943
1.7,0.19531
1.725,0.19629
1.75,0.19726
1.775,0.1982
1.8,0.19913
1.825,0.20003
1.85,0.20092
1.875,0.20178
1.9,0.20263
1.925,0.20346
1.95,0.20426
1.975,0.20505
2,0.20583
2.025,0.20658
2.05,0.20732
2.075,0.20803
2.1,0.20873
2.125,0.20942
2.15,0.21008
2.175,0.21073
2.2,0.21137
2.225,0.21198
2.25,0.21258
2.275,0.21317
2.3,0.21373
2.325,0.21428
2.35,0.21482
2.375,0.21534
2.4,0.21585
2.425,0.21633
2.45,0.21681
2.475,0.21727
2.5,0.21771
2.525,0.21814
2.55,0.21856
2.575,0.21896
2.6,0.21935
2.625,0.21972
2.65,0.22008
2.675,0.22042
2.7,0.22076
2.725,0.22107
2.75,0.22138
2.775,0.22167
2.8,0.22195
2.825,0.22221
2.85,0.22246
2.875,0.2227
2.9,0.22293
2.925,0.22314
2.95,0.22334
2.975,0.22353
3,0.2237
3.025,0.22387
3.05,0.22402
3.075,0.22416
3.1,0.22428
3.125,0.2244
3.15,0.2245
3.175,0.22459
3.2,0.22467
3.225,0.22474
3.25,0.22479
3.275,0.22484
3.3,0.22487
3.325,0.22489
3.35,0.2249
3.375,0.2249
3.4,0.22489
3.425,0.22487
