0,1.3064
0.025,1.2935
0.05,1.2806
0.075,1.2678
0.1,1.2551
0.125,1.2424
0.15,1.2299
0.175,1.2174
0.2,1.2049
0.225,1.1926
0.25,1.1803
0.275,1.1681
0.3,1.1559
0.325,1.1438
0.35,1.1318
0.375,1.1199
0.4,1.108
0.425,1.0962
0.45,1.0844
0.475,1.0727
0.5,1.0611
0.525,1.0495
0.55,1.038
0.575,1.0266
0.6,1.0152
0.625,1.0039
0.65,0.99257
0.675,0.98135
0.7,0.97019
0.725,0.95908
0.75,0.94802
0.775,0.93702
0.8,0.92607
0.825,0.91517
0.85,0.90433
0.875,0.89353
0.9,0.88279
0.925,0.8721
0.95,0.86146
0.975,0.85087
1,0.84032
1.025,0.82983
1.05,0.81938
1.075,0.80898
1.1,0.79863
1.125,0.78833
1.15,0.77807
1.175,0.76786
1.2,0.75769
1.225,0.74757
1.25,0.7375
1.275,0.72746
1.3,0.71748
1.325,0.70753
1.35,0.69763
1.375,0.68778
1.4,0.67796
1.425,0.66819
1.45,0.65846
1.475,0.64878
1.5,0.63913
1.525,0.62953
1.55,0.61996
1.575,0.61044
1.6,0.60096
1.625,0.59152
1.65,0.58212
1.675,0.57275
1.7,0.56343
1.725,0.55415
1.75,0.5449
1.775,0.5357
1.8,0.52653
1.825,0.5174
1.85,0.50832
1.875,0.49926
1.9,0.49025
1.925,0.48127
1.95,0.47233
1.975,0.46343
2,0.45457
2.025,0.44574
2.05,0.43695
2.075,0.42819
2.1,0.41947
2.125,0.41079
2.15,0.40214
2.175,0.39353
2.2,0.38496
2.225,0.37642
2.25,0.36792
2.275,0.35945
2.3,0.35101
2.325,0.34262
2.35,0.33425
2.375,0.32592
2.4,0.31763
2.425,0.30937
2.45,0.30114
2.475,0.29295
2.5,0.28479
2.525,0.27667
2.55,0.26858
2.575,0.26053
2.6,0.25251
2.625,0.24452
2.65,0.23656
2.675,0.22864
2.7,0.22076
2.725,0.2129
2.75,0.20508
2.775,0.19729
2.8,0.18954
2.825,0.18182
2.85,0.17413
2.875,0.16647
2.9,0.15885
2.925,0.15126
2.95,0.1437
2.975,0.13618
3,0.12868
3.025,0.12122
3.05,0.1138
3.075,0.1064
3.1,0.099037
3.125,0.091706
3.15,0.084408
3.175,0.077141
3.2,0.069907
3.225,0.062705
3.25,0.055535
3.275,0.048398
3.3,0.041292
3.325,0.034218
3.35,0.027176
3.375,0.020167
3.4,0.013189
3.425,0.006243
