0,544.37
0.025,542.78
0.05,541.19
0.075,539.61
0.1,538.03
0.125,536.46
0.15,534.89
0.175,533.32
0.2,531.76
0.225,530.2
0.25,528.65
0.275,527.1
0.3,525.56
0.325,524.01
0.35,522.48
0.375,520.94
0.4,519.41
0.425,517.89
0.45,516.36
0.475,514.85
0.5,513.33
0.525,511.82
0.55,510.31
0.575,508.81
0.6,507.31
0.625,505.81
0.65,504.31
0.675,502.82
0.7,501.33
0.725,499.85
0.75,498.37
0.775,496.89
0.8,495.42
0.825,493.94
0.85,492.47
0.875,491.01
0.9,489.55
0.925,488.08
0.95,486.63
0.975,485.17
1,483.72
1.025,482.27
1.05,480.83
1.075,479.38
1.1,477.94
1.125,476.5
1.15,475.07
1.175,473.63
1.2,472.2
1.225,470.78
1.25,469.35
1.275,467.93
1.3,466.5
1.325,465.09
1.35,463.67
1.375,462.25
1.4,460.84
1.425,459.43
1.45,458.02
1.475,456.62
1.5,455.22
1.525,453.81
1.55,452.41
1.575,451.02
1.6,449.62
1.625,448.23
1.65,446.83
1.675,445.44
1.7,444.05
1.725,442.67
1.75,441.28
1.775,439.9
1.8,438.51
1.825,437.13
1.85,435.75
1.875,434.38
1.9,433
1.925,431.63
1.95,430.25
1.975,428.88
2,427.51
2.025,426.14
2.05,424.77
2.075,423.41
2.1,422.04
2.125,420.67
2.15,419.31
2.175,417.95
2.2,416.59
2.225,415.22
2.25,413.86
2.275,412.51
2.3,411.15
2.325,409.79
2.35,408.43
2.375,407.08
2.4,405.72
2.425,404.37
2.45,403.01
2.475,401.66
2.5,400.31
2.525,398.95
2.55,397.6
2.575,396.25
2.6,394.9
2.625,393.54
2.65,392.19
2.675,390.84
2.7,389.49
2.725,388.14
2.75,386.79
2.775,385.44
2.8,384.09
2.825,382.74
2.85,381.38
2.875,380.03
2.9,378.68
2.925,377.33
2.95,375.97
2.975,374.62
3,373.27
3.025,371.91
3.05,370.56
3.075,369.2
