0,0.22949
0.025,0.24079
0.05,0.25197
0.075,0.26298
0.1,0.27385
0.125,0.28456
0.15,0.29513
0.175,0.30555
0.2,0.31583
0.225,0.32596
0.25,0.33596
0.275,0.34581
0.3,0.35553
0.325,0.36512
0.35,0.37458
0.375,0.3839
0.4,0.3931
0.425,0.40217
0.45,0.41111
0.475,0.41993
0.5,0.42863
0.525,0.43721
0.55,0.44567
0.575,0.45401
0.6,0.46224
0.625,0.47035
0.65,0.47835
0.675,0.48624
0.7,0.49402
0.725,0.50169
0.75,0.50925
0.775,0.51671
0.8,0.52406
0.825,0.53131
0.85,0.53846
0.875,0.5455
0.9,0.55245
0.925,0.55929
0.95,0.56604
0.975,0.5727
1,0.57925
1.025,0.58572
1.05,0.59209
1.075,0.59836
1.1,0.60455
1.125,0.61065
1.15,0.61666
1.175,0.62258
1.2,0.62841
1.225,0.63415
1.25,0.63981
1.275,0.64539
1.3,0.65088
1.325,0.65629
1.35,0.66162
1.375,0.66687
1.4,0.67204
1.425,0.67712
1.45,0.68213
1.475,0.68706
1.5,0.69192
1.525,0.6967
1.55,0.7014
1.575,0.70603
1.6,0.71058
1.625,0.71506
1.65,0.71947
1.675,0.7238
1.7,0.72807
1.725,0.73226
1.75,0.73638
1.775,0.74044
1.8,0.74442
1.825,0.74834
1.85,0.75219
1.875,0.75598
1.9,0.75969
1.925,0.76334
1.95,0.76693
1.975,0.77045
2,0.77391
2.025,0.7773
2.05,0.78063
2.075,0.7839
2.1,0.78711
2.125,0.79025
2.15,0.79333
2.175,0.79636
2.2,0.79932
2.225,0.80222
2.25,0.80507
2.275,0.80785
2.3,0.81058
2.325,0.81325
2.35,0.81586
2.375,0.81842
2.4,0.82092
2.425,0.82336
2.45,0.82575
2.475,0.82808
2.5,0.83035
2.525,0.83258
2.55,0.83474
2.575,0.83686
2.6,0.83892
2.625,0.84093
2.65,0.84288
2.675,0.84478
2.7,0.84663
2.725,0.84843
2.75,0.85018
2.775,0.85187
2.8,0.85352
2.825,0.85511
2.85,0.85666
2.875,0.85815
2.9,0.85959
2.925,0.86099
2.95,0.86233
2.975,0.86363
3,0.86488
3.025,0.86608
3.05,0.86723
3.075,0.86833
3.1,0.86939
3.125,0.8704
3.15,0.87136
3.175,0.87227
3.2,0.87314
3.225,0.87396
3.25,0.87473
3.275,0.87546
3.3,0.87614
3.325,0.87677
3.35,0.87736
3.375,0.87791
3.4,0.8784
3.425,0.87886
