0,6.5048
0.025,6.4412
0.05,6.3777
0.075,6.3146
0.1,6.2516
0.125,6.189
0.15,6.1267
0.175,6.0646
0.2,6.0028
0.225,5.9413
0.25,5.8801
0.275,5.8191
0.3,5.7583
0.325,5.6978
0.35,5.6376
0.375,5.5776
0.4,5.5179
0.425,5.4584
0.45,5.3992
0.475,5.3402
0.5,5.2815
0.525,5.2229
0.55,5.1646
0.575,5.1066
0.6,5.0488
0.625,4.9912
0.65,4.9338
0.675,4.8767
0.7,4.8197
0.725,4.763
0.75,4.7065
0.775,4.6503
0.8,4.5942
0.825,4.5384
0.85,4.4827
0.875,4.4273
0.9,4.3721
0.925,4.3171
0.95,4.2623
0.975,4.2077
1,4.1533
1.025,4.099
1.05,4.045
1.075,3.9912
1.1,3.9376
1.125,3.8842
1.15,3.831
1.175,3.778
1.2,3.7251
1.225,3.6725
1.25,3.62
1.275,3.5677
1.3,3.5157
1.325,3.4638
1.35,3.412
1.375,3.3605
1.4,3.3091
1.425,3.258
1.45,3.207
1.475,3.1562
1.5,3.1055
1.525,3.0551
1.55,3.0048
1.575,2.9547
1.6,2.9048
1.625,2.855
1.65,2.8055
1.675,2.7561
1.7,2.7068
1.725,2.6578
1.75,2.6089
1.775,2.5602
1.8,2.5116
1.825,2.4632
1.85,2.415
1.875,2.367
1.9,2.3191
1.925,2.2714
1.95,2.2238
1.975,2.1764
2,2.1292
2.025,2.0822
2.05,2.0353
2.075,1.9886
2.1,1.942
2.125,1.8956
2.15,1.8494
2.175,1.8033
2.2,1.7574
2.225,1.7116
2.25,1.666
2.275,1.6206
2.3,1.5753
2.325,1.5302
2.35,1.4852
2.375,1.4405
2.4,1.3958
2.425,1.3513
2.45,1.307
2.475,1.2629
2.5,1.2189
2.525,1.175
2.55,1.1313
2.575,1.0878
2.6,1.0444
2.625,1.0012
2.65,0.95818
2.675,0.91529
2.7,0.87255
2.725,0.82996
2.75,0.78754
2.775,0.74527
2.8,0.70316
2.825,0.66121
2.85,0.61942
2.875,0.57778
2.9,0.5363
2.925,0.49498
2.95,0.45381
2.975,0.41281
3,0.37196
3.025,0.33127
3.05,0.29074
3.075,0.25036
