0,3884.8
0.025,3891
0.05,3876.8
0.075,3871.2
0.1,3861.9
0.125,3854.2
0.15,3845.9
0.175,3837.7
0.2,3829.5
0.225,3821.2
0.25,3812.9
0.275,3804.7
0.3,3796.4
0.325,3788.1
0.35,3779.7
0.375,3771.4
0.4,3763
0.425,3754.6
0.45,3746.3
0.475,3737.8
0.5,3729.4
0.525,3720.9
0.55,3712.5
0.575,3704
0.6,3695.5
0.625,3686.9
0.65,3678.4
0.675,3669.8
0.7,3661.3
0.725,3652.7
0.75,3644.1
0.775,3635.4
0.8,3626.8
0.825,3618.1
0.85,3609.4
0.875,3600.7
0.9,3592
0.925,3583.3
0.95,3574.5
0.975,3565.7
1,3556.9
1.025,3548.1
1.05,3539.2
1.075,3530.4
1.1,3521.5
1.125,3512.6
1.15,3503.6
1.175,3494.7
1.2,3485.7
1.225,3476.7
1.25,3467.7
1.275,3458.7
1.3,3449.6
1.325,3440.5
1.35,3431.4
1.375,3422.2
1.4,3413.1
1.425,3403.9
1.45,3394.7
1.475,3385.4
1.5,3376.2
1.525,3366.9
1.55,3357.6
1.575,3348.2
1.6,3338.8
1.625,3329.4
1.65,3320
1.675,3310.5
1.7,3301
1.725,3291.5
1.75,3281.9
1.775,3272.3
1.8,3262.7
1.825,3253
1.85,3243.3
1.875,3233.6
1.9,3223.8
1.925,3214.1
1.95,3204.2
1.975,3194.3
2,3184.4
2.025,3174.5
2.05,3164.5
2.075,3154.4
2.1,3144.4
2.125,3134.3
2.15,3124.1
2.175,3113.9
2.2,3103.6
2.225,3093.4
2.25,3083
2.275,3072.6
