0,0.038845
0.025,0.042297
0.05,0.045675
0.075,0.048952
0.1,0.052143
0.125,0.055246
0.15,0.058265
0.175,0.061203
0.2,0.064063
0.225,0.066845
0.25,0.069554
0.275,0.07219
0.3,0.074757
0.325,0.077255
0.35,0.079687
0.375,0.082055
0.4,0.084361
0.425,0.086606
0.45,0.088791
0.475,0.090919
0.5,0.09299
0.525,0.095007
0.55,0.096971
0.575,0.098882
0.6,0.10074
0.625,0.10255
0.65,0.10432
0.675,0.10603
0.7,0.1077
0.725,0.10933
0.75,0.11091
0.775,0.11244
0.8,0.11394
0.825,0.11539
0.85,0.11681
0.875,0.11818
0.9,0.11952
0.925,0.12081
0.95,0.12207
0.975,0.1233
1,0.12449
1.025,0.12564
1.05,0.12676
1.075,0.12785
1.1,0.1289
1.125,0.12993
1.15,0.13092
1.175,0.13188
1.2,0.13281
1.225,0.13371
1.25,0.13458
1.275,0.13542
1.3,0.13623
1.325,0.13702
1.35,0.13777
1.375,0.13851
1.4,0.13921
1.425,0.13989
1.45,0.14054
1.475,0.14117
1.5,0.14178
1.525,0.14236
1.55,0.14291
1.575,0.14344
1.6,0.14395
1.625,0.14444
1.65,0.1449
1.675,0.14534
1.7,0.14576
1.725,0.14616
1.75,0.14654
1.775,0.14689
1.8,0.14723
1.825,0.14754
1.85,0.14784
1.875,0.14811
1.9,0.14837
1.925,0.1486
1.95,0.14882
1.975,0.14902
2,0.1492
2.025,0.14936
2.05,0.1495
2.075,0.14962
2.1,0.14973
2.125,0.14982
2.15,0.14989
2.175,0.14994
2.2,0.14998
2.225,0.15
2.25,0.15
2.275,0.14999
