0,0.87233
0.025,0.85944
0.05,0.84659
0.075,0.83389
0.1,0.82129
0.125,0.80881
0.15,0.79643
0.175,0.78416
0.2,0.772
0.225,0.75994
0.25,0.74797
0.275,0.73611
0.3,0.72434
0.325,0.71266
0.35,0.70107
0.375,0.68958
0.4,0.67817
0.425,0.66685
0.45,0.65562
0.475,0.64447
0.5,0.6334
0.525,0.62241
0.55,0.6115
0.575,0.60067
0.6,0.58991
0.625,0.57924
0.65,0.56863
0.675,0.5581
0.7,0.54765
0.725,0.53726
0.75,0.52695
0.775,0.5167
0.8,0.50653
0.825,0.49642
0.85,0.48638
0.875,0.4764
0.9,0.4665
0.925,0.45665
0.95,0.44687
0.975,0.43715
1,0.4275
1.025,0.41791
1.05,0.40838
1.075,0.39891
1.1,0.3895
1.125,0.38015
1.15,0.37086
1.175,0.36163
1.2,0.35246
1.225,0.34334
1.25,0.33428
1.275,0.32528
1.3,0.31633
1.325,0.30744
1.35,0.29861
1.375,0.28983
1.4,0.28111
1.425,0.27244
1.45,0.26382
1.475,0.25526
1.5,0.24675
1.525,0.23829
1.55,0.22989
1.575,0.22153
1.6,0.21324
1.625,0.20499
1.65,0.19679
1.675,0.18865
1.7,0.18055
1.725,0.17251
1.75,0.16452
1.775,0.15657
1.8,0.14868
1.825,0.14084
1.85,0.13305
1.875,0.12531
1.9,0.11761
1.925,0.10997
1.95,0.10237
1.975,0.094829
2,0.087332
2.025,0.079884
2.05,0.072485
2.075,0.065134
2.1,0.057832
2.125,0.050578
2.15,0.043372
2.175,0.036215
2.2,0.029105
2.225,0.022044
2.25,0.01503
2.275,0.0080649
