0,4.3545
0.025,4.3004
0.05,4.2464
0.075,4.1928
0.1,4.1395
0.125,4.0865
0.15,4.0337
0.175,3.9813
0.2,3.9292
0.225,3.8773
0.25,3.8257
0.275,3.7744
0.3,3.7234
0.325,3.6726
0.35,3.6221
0.375,3.5719
0.4,3.5219
0.425,3.4722
0.45,3.4227
0.475,3.3735
0.5,3.3245
0.525,3.2758
0.55,3.2273
0.575,3.179
0.6,3.131
0.625,3.0832
0.65,3.0356
0.675,2.9883
0.7,2.9411
0.725,2.8943
0.75,2.8476
0.775,2.8011
0.8,2.7549
0.825,2.7089
0.85,2.6631
0.875,2.6175
0.9,2.5721
0.925,2.5269
0.95,2.482
0.975,2.4372
1,2.3926
1.025,2.3483
1.05,2.3041
1.075,2.2602
1.1,2.2164
1.125,2.1728
1.15,2.1295
1.175,2.0863
1.2,2.0433
1.225,2.0005
1.25,1.9579
1.275,1.9155
1.3,1.8733
1.325,1.8312
1.35,1.7894
1.375,1.7477
1.4,1.7062
1.425,1.6649
1.45,1.6238
1.475,1.5829
1.5,1.5421
1.525,1.5015
1.55,1.4611
1.575,1.4209
1.6,1.3809
1.625,1.341
1.65,1.3013
1.675,1.2618
1.7,1.2225
1.725,1.1833
1.75,1.1443
1.775,1.1055
1.8,1.0669
1.825,1.0284
1.85,0.99011
1.875,0.95198
1.9,0.91404
1.925,0.87626
1.95,0.83865
1.975,0.80122
2,0.76395
2.025,0.72686
2.05,0.68994
2.075,0.65319
2.1,0.6166
2.125,0.58019
2.15,0.54395
2.175,0.50788
2.2,0.47198
2.225,0.43625
2.25,0.40069
2.275,0.3653
